0.0 0.0 0
0.0037433155080213902 0.0037433155080213902 0
-0.00017825311942959 0.00142602495543672 0
-0.0005347593582887701 0.0021390374331550803 0
0.00035650623885918 0.0035650623885918 0
0.00017825311942959 0.0042780748663101605 0
0.00089126559714795 0.00570409982174688 0
0.00035650623885918 0.006417112299465241 0
0.0010695187165775401 0.00784313725490196 0
0.0 0.006595365418894831 0
0.00071301247771836 0.006060606060606061 0
0.00035650623885918 0.006595365418894831 0
0.0 0.006417112299465241 0
0.0005347593582887701 0.006417112299465241 0
-0.00035650623885918 0.004991087344028521 0
0.0005347593582887701 0.004991087344028521 0
-0.00017825311942959 0.00285204991087344 0
0.00035650623885918 0.0021390374331550803 0
0.0010695187165775401 0.00142602495543672 0
-0.00035650623885918 -0.00071301247771836 0
0.00017825311942959 -0.00071301247771836 1
-0.0016042780748663102 -0.036185383244206774 0
-0.00071301247771836 -0.00071301247771836 0
0.00196078431372549 0.00142602495543672 0
0.0021390374331550803 0.00071301247771836 0
0.0030303030303030303 -0.00017825311942959 0
0.0033868092691622105 -0.00017825311942959 0
0.0033868092691622105 -0.00017825311942959 0
0.0035650623885918 0.0005347593582887701 0
0.00196078431372549 -0.00089126559714795 1
0.01140819964349376 -0.03529411764705882 0
-0.0005347593582887701 0.00035650623885918 0
0.0 0.00267379679144385 0
0.0 0.00516934046345811 0
0.0 0.008021390374331552 0
-0.00035650623885918 0.00873440285204991 0
0.0 0.00944741532976827 0
0.0 0.00873440285204991 0
0.0 0.006417112299465241 0
0.00089126559714795 0.00570409982174688 0
0.00196078431372549 0.004812834224598931 0
0.0017825311942959 0.00196078431372549 0
0.0021390374331550803 0.00089126559714795 1
0.01639928698752228 -0.009625668449197862 0
0.0012477718360071302 -0.00035650623885918 0
0.00267379679144385 -0.00089126559714795 0
0.0024955436720142605 -0.0016042780748663102 0
0.00267379679144385 -0.0021390374331550803 0
0.0023172905525846704 -0.0032085561497326204 0
0.0033868092691622105 -0.00285204991087344 0
0.0017825311942959 -0.00392156862745098 0
0.0017825311942959 -0.0030303030303030303 0
-0.0005347593582887701 -0.00267379679144385 0
-0.00196078431372549 -0.0023172905525846704 0
-0.0016042780748663102 -0.00017825311942959 0
-0.0021390374331550803 0.00089126559714795 0
-0.00267379679144385 0.0017825311942959 0
-0.00285204991087344 0.0033868092691622105 0
-0.0032085561497326204 0.00409982174688057 0
-0.00196078431372549 0.00516934046345811 0
-0.00071301247771836 0.0053475935828877 0
-0.00035650623885918 0.00392156862745098 0
0.0017825311942959 0.00392156862745098 0
0.0030303030303030303 0.00285204991087344 0
0.00392156862745098 0.0017825311942959 0
0.004634581105169341 0.00071301247771836 0
0.0042780748663101605 -0.00071301247771836 0
0.00409982174688057 -0.0017825311942959 1
0.051871657754010696 -0.064349376114082 0
0.0 0.0021390374331550803 0
-0.0005347593582887701 0.0042780748663101605 0
0.00017825311942959 0.00570409982174688 0
-0.00035650623885918 0.006238859180035651 0
-0.00017825311942959 0.006595365418894831 0
-0.00035650623885918 0.006060606060606061 0
-0.0005347593582887701 0.004634581105169341 0
-0.00089126559714795 0.0035650623885918 0
0.0005347593582887701 0.0032085561497326204 0
-0.0005347593582887701 0.0012477718360071302 0
0.00071301247771836 0.00035650623885918 0
0.0 -0.00071301247771836 0
0.0012477718360071302 -0.00285204991087344 0
0.0021390374331550803 -0.004456327985739751 0
0.00196078431372549 -0.0042780748663101605 0
0.0017825311942959 -0.0033868092691622105 0
0.0024955436720142605 -0.0021390374331550803 0
0.0024955436720142605 -0.00142602495543672 0
0.0023172905525846704 -0.00035650623885918 0
0.0030303030303030303 0.0010695187165775401 0
0.00392156862745098 0.0023172905525846704 0
0.0021390374331550803 0.00285204991087344 0
0.0023172905525846704 0.0035650623885918 0
0.0 0.0030303030303030303 0
-0.0005347593582887701 0.0033868092691622105 0
-0.0005347593582887701 0.0035650623885918 0
-0.0023172905525846704 0.00285204991087344 0
-0.0021390374331550803 0.00285204991087344 0
-0.0033868092691622105 0.0017825311942959 0
-0.0033868092691622105 0.00089126559714795 0
-0.00267379679144385 0.00017825311942959 0
-0.0021390374331550803 -0.00017825311942959 0
-0.00071301247771836 -0.00017825311942959 0
-0.00089126559714795 -0.00035650623885918 0
0.0 0.0 0
0.00089126559714795 0.00035650623885918 1
0.029768270944741534 -0.0058823529411764705 0
0.00285204991087344 0.00035650623885918 0
0.0030303030303030303 -0.00089126559714795 0
0.00285204991087344 -0.0017825311942959 0
0.0023172905525846704 -0.00267379679144385 0
0.0030303030303030303 -0.0033868092691622105 0
0.0024955436720142605 -0.004634581105169341 0
0.0005347593582887701 -0.00516934046345811 0
-0.0005347593582887701 -0.0035650623885918 0
-0.0012477718360071302 -0.00196078431372549 0
-0.00071301247771836 -0.00017825311942959 0
-0.00285204991087344 0.0 0
-0.00267379679144385 0.00196078431372549 0
-0.00285204991087344 0.0033868092691622105 0
-0.0035650623885918 0.004812834224598931 0
-0.0010695187165775401 0.006238859180035651 0
-0.0012477718360071302 0.0053475935828877 0
0.00017825311942959 0.0037433155080213902 0
0.0024955436720142605 0.0033868092691622105 0
0.00285204991087344 0.0023172905525846704 0
0.0042780748663101605 0.0017825311942959 0
0.0021390374331550803 0.0 0
0.0053475935828877 -0.00017825311942959 0
0.0032085561497326204 -0.0024955436720142605 0
0.00409982174688057 -0.0032085561497326204 1
0.00980392156862745 -0.04367201426024955 0
0.0 0.0 0
-0.00017825311942959 0.00017825311942959 0
-0.0017825311942959 -0.01889483065953654 0
0.00267379679144385 0.025133689839572194 0
-0.0005347593582887701 0.00570409982174688 0
-0.0010695187165775401 0.006238859180035651 0
-0.00017825311942959 0.006417112299465241 0
0.0 0.00552584670231729 0
0.00017825311942959 0.0042780748663101605 0
-0.00035650623885918 0.00267379679144385 0
0.00089126559714795 0.0021390374331550803 0
0.0012477718360071302 0.00071301247771836 1
0.014438502673796792 -0.01105169340463458 0
0.0 0.0024955436720142605 0
-0.00017825311942959 0.0035650623885918 0
0.00035650623885918 0.0030303030303030303 0
0.00035650623885918 0.00196078431372549 1
0.00409982174688057 -0.03440285204991087 0
-0.00071301247771836 -0.00017825311942959 0
0.0 0.00017825311942959 0
0.0005347593582887701 0.0016042780748663102 0
-0.00017825311942959 0.0016042780748663102 1
0.01746880570409982 0.027450980392156862 0
0.0010695187165775401 0.0 0
0.0032085561497326204 -0.00089126559714795 0
0.00285204991087344 -0.0016042780748663102 0
0.0017825311942959 -0.00285204991087344 1
0.006238859180035651 -0.01265597147950089 0
-0.00196078431372549 -0.00089126559714795 0
-0.00196078431372549 0.00071301247771836 0
-0.0035650623885918 0.0016042780748663102 0
-0.004456327985739751 0.00285204991087344 0
-0.0033868092691622105 0.0042780748663101605 0
-0.0032085561497326204 0.004634581105169341 0
-0.0012477718360071302 0.0042780748663101605 0
0.00017825311942959 0.0032085561497326204 0
0.0023172905525846704 0.00285204991087344 0
0.0030303030303030303 0.00196078431372549 0
0.0037433155080213902 0.00071301247771836 0
0.004634581105169341 0.0 0
0.004812834224598931 -0.00089126559714795 0
0.00392156862745098 -0.0017825311942959 0
0.0033868092691622105 -0.00267379679144385 1
0.006060606060606061 -0.019251336898395723 0
-0.00017825311942959 0.00035650623885918 0
-0.00017825311942959 0.0016042780748663102 0
-0.00017825311942959 0.0033868092691622105 0
-0.0012477718360071302 0.004634581105169341 0
-0.00071301247771836 0.00516934046345811 0
-0.0010695187165775401 0.0042780748663101605 0
0.0 0.00267379679144385 0
0.00017825311942959 0.0010695187165775401 0
0.00071301247771836 0.00035650623885918 0
0.00035650623885918 -0.0005347593582887701 0
0.0021390374331550803 -0.0023172905525846704 0
0.0030303030303030303 -0.0033868092691622105 0
0.0035650623885918 -0.00552584670231729 0
0.0037433155080213902 -0.006595365418894831 0
0.0024955436720142605 -0.0042780748663101605 0
0.0017825311942959 -0.0017825311942959 0
0.00089126559714795 -0.0005347593582887701 0
-0.00017825311942959 0.00017825311942959 0
0.00017825311942959 0.00142602495543672 0
0.0005347593582887701 0.0023172905525846704 1
0.006951871657754011 0.010516934046345811 0
0.0012477718360071302 0.00089126559714795 0
0.0012477718360071302 0.00071301247771836 0
0.0017825311942959 -0.00017825311942959 0
0.00196078431372549 -0.00071301247771836 0
0.0016042780748663102 -0.00142602495543672 0
0.0024955436720142605 -0.0017825311942959 0
0.00196078431372549 -0.0021390374331550803 0
0.0021390374331550803 -0.00267379679144385 0
0.0010695187165775401 -0.0033868092691622105 0
0.00017825311942959 -0.0017825311942959 0
-0.0016042780748663102 -0.00142602495543672 0
-0.0030303030303030303 -0.0005347593582887701 0
-0.0016042780748663102 0.0016042780748663102 0
-0.0035650623885918 0.0033868092691622105 0
-0.0010695187165775401 0.00516934046345811 0
-0.00196078431372549 0.00392156862745098 0
0.00089126559714795 0.00285204991087344 0
0.0012477718360071302 0.00196078431372549 0
0.00267379679144385 0.0010695187165775401 0
0.004634581105169341 0.00035650623885918 1
0.025846702317290554 -0.01746880570409982 0
-0.00089126559714795 0.0 0
-0.00089126559714795 0.00035650623885918 0
-0.0012477718360071302 0.0012477718360071302 0
-0.0010695187165775401 0.00196078431372549 0
-0.0005347593582887701 0.00285204991087344 0
-0.0005347593582887701 0.00285204991087344 0
0.0005347593582887701 0.0033868092691622105 0
0.00089126559714795 0.00285204991087344 0
0.00267379679144385 0.00267379679144385 0
0.00089126559714795 0.00142602495543672 0
0.0012477718360071302 0.00071301247771836 0
-0.00071301247771836 -0.00017825311942959 0
0.0 0.00017825311942959 0
-0.0016042780748663102 -0.00017825311942959 0
-0.0033868092691622105 -0.0012477718360071302 0
-0.00142602495543672 -0.0005347593582887701 0
-0.0030303030303030303 -0.0016042780748663102 0
-0.0024955436720142605 -0.0017825311942959 0
-0.0017825311942959 -0.00071301247771836 0
-0.0017825311942959 0.0 1
0.051336898395721926 -0.04563279857397504 0
0.0 0.0 0
0.0 0.0 0
0.00035650623885918 0.00089126559714795 0
-0.00071301247771836 0.0042780748663101605 0
0.0012477718360071302 0.00730837789661319 0
0.0 0.008021390374331552 0
-0.00071301247771836 0.0074866310160427805 0
-0.0021390374331550803 0.00516934046345811 0
-0.00071301247771836 0.0035650623885918 0
0.0005347593582887701 0.0023172905525846704 0
0.0 0.00142602495543672 0
0.0 0.00017825311942959 1
-0.00196078431372549 -0.013547237076648842 0
0.00017825311942959 0.0 0
0.0024955436720142605 0.0012477718360071302 0
0.0023172905525846704 0.0017825311942959 0
0.0033868092691622105 0.00071301247771836 0
0.00392156862745098 0.0 0
0.00285204991087344 -0.0010695187165775401 0
0.0037433155080213902 -0.0017825311942959 1
0.014438502673796792 -0.021212121212121213 0
-0.00017825311942959 0.00017825311942959 0
0.00071301247771836 0.0023172905525846704 0
-0.00035650623885918 0.00392156862745098 0
0.0 0.006238859180035651 0
-0.00071301247771836 0.006417112299465241 0
-0.0005347593582887701 0.00516934046345811 0
-0.00071301247771836 0.0033868092691622105 0
0.00035650623885918 0.0016042780748663102 0
0.0005347593582887701 0.00035650623885918 0
-0.00071301247771836 -0.00035650623885918 0
0.00196078431372549 -0.00089126559714795 0
0.0017825311942959 -0.00285204991087344 0
0.00392156862745098 -0.0037433155080213902 0
0.0024955436720142605 -0.00267379679144385 0
0.00071301247771836 0.0 0
0.00089126559714795 0.0016042780748663102 0
0.00089126559714795 0.00392156862745098 0
0.0010695187165775401 0.0032085561497326204 0
0.0021390374331550803 0.0023172905525846704 0
0.00267379679144385 0.0010695187165775401 0
0.0030303030303030303 0.0 0
0.00267379679144385 -0.0010695187165775401 0
0.0035650623885918 -0.00142602495543672 0
0.0030303030303030303 -0.00196078431372549 1
0.006595365418894831 -0.010160427807486631 0
-0.0016042780748663102 0.00035650623885918 0
-0.00196078431372549 0.0010695187165775401 0
-0.0012477718360071302 0.0033868092691622105 0
-0.00089126559714795 0.004991087344028521 0
-0.0016042780748663102 0.004634581105169341 0
0.00035650623885918 0.0032085561497326204 0
0.00071301247771836 0.0016042780748663102 0
0.00071301247771836 0.00017825311942959 0
0.00285204991087344 -0.0012477718360071302 0
0.0024955436720142605 -0.00285204991087344 0
0.00267379679144385 -0.0033868092691622105 0
0.0030303030303030303 -0.00392156862745098 0
0.00071301247771836 -0.0021390374331550803 0
0.0 -0.00017825311942959 0
0.00035650623885918 0.00142602495543672 0
0.00035650623885918 0.0030303030303030303 0
0.0005347593582887701 0.00285204991087344 0
0.0010695187165775401 0.0010695187165775401 0
0.00071301247771836 0.0 1
0.01033868092691622 -0.024242424242424242 0
-0.0012477718360071302 0.00392156862745098 0
-0.0021390374331550803 0.0042780748663101605 0
-0.0021390374331550803 0.004634581105169341 0
-0.00267379679144385 0.0032085561497326204 1
-0.0030303030303030303 0.00267379679144385 0
0.0005347593582887701 -0.00142602495543672 0
0.0010695187165775401 -0.0012477718360071302 0
0.0010695187165775401 -0.0005347593582887701 0
0.0016042780748663102 -0.00035650623885918 0
0.00285204991087344 0.0 0
0.0037433155080213902 0.0 0
0.0032085561497326204 -0.00035650623885918 1
0.06827094474153297 -0.030659536541889482 0
-0.0005347593582887701 -0.0005347593582887701 0
-0.00089126559714795 -0.00035650623885918 0
0.00017825311942959 0.00017825311942959 0
0.0010695187165775401 0.0016042780748663102 0
0.00017825311942959 0.00516934046345811 0
-0.00017825311942959 0.0071301247771836 0
-0.0005347593582887701 0.00730837789661319 0
-0.00071301247771836 0.00570409982174688 0
0.00035650623885918 0.0042780748663101605 0
-0.00017825311942959 0.00267379679144385 0
0.0010695187165775401 0.0017825311942959 0
-0.00017825311942959 0.0005347593582887701 1
-0.00837789661319073 -0.012121212121212121 0
0.00071301247771836 0.0 0
0.0005347593582887701 0.00071301247771836 0
0.00089126559714795 0.00196078431372549 0
0.0032085561497326204 0.0016042780748663102 0
0.00285204991087344 0.0010695187165775401 0
0.00285204991087344 -0.00017825311942959 0
0.0032085561497326204 -0.00071301247771836 0
0.0012477718360071302 -0.00196078431372549 1
0.01301247771836007 -0.023172905525846704 0
-0.0005347593582887701 0.0024955436720142605 0
-0.0005347593582887701 0.00570409982174688 0
-0.00035650623885918 0.00730837789661319 0
-0.00035650623885918 0.006773618538324421 0
-0.0010695187165775401 0.0042780748663101605 0
0.00017825311942959 0.0024955436720142605 0
0.00035650623885918 0.00089126559714795 0
0.00071301247771836 0.00017825311942959 0
0.0016042780748663102 -0.0005347593582887701 0
0.0021390374331550803 -0.0024955436720142605 0
0.00392156862745098 -0.0035650623885918 0
0.0016042780748663102 -0.00285204991087344 0
0.00142602495543672 -0.0005347593582887701 0
0.00142602495543672 0.00089126559714795 0
0.00142602495543672 0.00267379679144385 1
0.0012477718360071302 0.0032085561497326204 0
0.0017825311942959 0.0017825311942959 0
0.00285204991087344 0.00089126559714795 0
0.00285204991087344 0.0 0
0.0032085561497326204 -0.00071301247771836 0
0.0017825311942959 -0.0017825311942959 0
0.0030303030303030303 -0.0021390374331550803 0
0.0021390374331550803 -0.0030303030303030303 0
0.00089126559714795 -0.00392156862745098 1
-0.00196078431372549 -0.00409982174688057 0
-0.0023172905525846704 0.00071301247771836 0
-0.0021390374331550803 0.00285204991087344 0
-0.0021390374331550803 0.0053475935828877 0
-0.00142602495543672 0.00516934046345811 0
0.0005347593582887701 0.00392156862745098 0
0.0023172905525846704 0.0024955436720142605 0
0.0032085561497326204 0.0012477718360071302 0
0.00392156862745098 0.0 0
0.00392156862745098 -0.0012477718360071302 0
0.0042780748663101605 -0.0017825311942959 0
0.0030303030303030303 -0.0030303030303030303 1
0.024955436720142603 -0.0338680926916221 0
-0.0005347593582887701 0.00196078431372549 0
-0.0005347593582887701 0.0033868092691622105 0
-0.00071301247771836 0.0037433155080213902 0
-0.00017825311942959 0.00409982174688057 0
-0.00071301247771836 0.00392156862745098 0
-0.0016042780748663102 0.0032085561497326204 0
0.00017825311942959 0.0023172905525846704 0
0.00089126559714795 0.00267379679144385 0
0.00017825311942959 0.0021390374331550803 0
0.00035650623885918 0.0016042780748663102 0
-0.00017825311942959 0.0012477718360071302 0
0.0005347593582887701 0.0005347593582887701 0
0.00071301247771836 0.0005347593582887701 0
-0.00017825311942959 0.0 0
-0.00071301247771836 0.0 0
0.00089126559714795 0.0 0
-0.00017825311942959 0.0 0
0.00017825311942959 0.0 0
0.0 0.0 0
0.0 -0.00035650623885918 0
-0.00071301247771836 0.00035650623885918 0
0.00071301247771836 0.0 0
-0.00089126559714795 -0.00017825311942959 0
0.00071301247771836 0.0 1
0.004634581105169341 -0.012834224598930482 0
0.0 0.0 0
0.0 0.0 0
0.00071301247771836 0.0 0
0.0005347593582887701 0.00017825311942959 0
0.00089126559714795 0.00017825311942959 0
0.00196078431372549 0.00071301247771836 0
0.0016042780748663102 -0.0010695187165775401 0
0.00285204991087344 0.00017825311942959 1
0.014973262032085561 -0.019964349376114084 0
-0.00017825311942959 0.0 0
0.00071301247771836 0.00017825311942959 0
-0.00017825311942959 0.00089126559714795 0
-0.00035650623885918 0.00267379679144385 0
-0.00142602495543672 0.0042780748663101605 0
-0.0017825311942959 0.004812834224598931 0
-0.0010695187165775401 0.004991087344028521 0
-0.0010695187165775401 0.004812834224598931 0
-0.00017825311942959 0.004456327985739751 0
0.0 0.0033868092691622105 0
0.0021390374331550803 0.0033868092691622105 0
0.0016042780748663102 0.00196078431372549 1
0.026203208556149733 -0.01639928698752228 0
-0.0005347593582887701 -0.00035650623885918 0
0.0 0.0 0
-0.00089126559714795 0.0010695187165775401 0
-0.0033868092691622105 0.00267379679144385 0
-0.00267379679144385 0.004812834224598931 0
-0.0016042780748663102 0.0042780748663101605 0
0.00071301247771836 0.0033868092691622105 0
0.00089126559714795 0.0021390374331550803 0
0.0017825311942959 0.00142602495543672 0
0.0023172905525846704 0.0 0
0.0030303030303030303 -0.00089126559714795 0
0.0035650623885918 -0.00267379679144385 0
0.0035650623885918 -0.0024955436720142605 0
0.0016042780748663102 -0.00392156862745098 0
0.0023172905525846704 -0.00392156862745098 0
0.00071301247771836 -0.0037433155080213902 0
-0.00017825311942959 -0.0030303030303030303 0
-0.0010695187165775401 -0.0024955436720142605 0
-0.00035650623885918 -0.0005347593582887701 0
-0.00089126559714795 -0.00017825311942959 0
0.0 0.0005347593582887701 0
-0.00035650623885918 0.0021390374331550803 0
-0.0005347593582887701 0.0017825311942959 0
0.0012477718360071302 0.00071301247771836 1
0.015151515151515152 -0.0024955436720142605 0
-0.0010695187165775401 0.00142602495543672 0
-0.00071301247771836 0.0037433155080213902 0
-0.0016042780748663102 0.0042780748663101605 0
-0.00142602495543672 0.0037433155080213902 0
0.00089126559714795 0.0023172905525846704 0
0.0010695187165775401 0.00142602495543672 0
0.0016042780748663102 0.0 0
0.0030303030303030303 -0.00071301247771836 0
0.0033868092691622105 -0.0021390374331550803 0
0.00285204991087344 -0.00285204991087344 0
0.0042780748663101605 -0.00392156862745098 0
0.00392156862745098 -0.0042780748663101605 0
0.0017825311942959 -0.0030303030303030303 0
0.00017825311942959 0.0 0
0.00071301247771836 0.0 0
-0.00142602495543672 0.0037433155080213902 0
-0.0016042780748663102 0.004456327985739751 0
0.0 0.0037433155080213902 0
0.00089126559714795 0.0024955436720142605 0
0.00196078431372549 0.00089126559714795 1
0.02655971479500891 -0.01693404634581105 0
-0.00071301247771836 -0.0005347593582887701 0
-0.00071301247771836 -0.00017825311942959 0
-0.0016042780748663102 0.00071301247771836 0
-0.0023172905525846704 0.0017825311942959 0
-0.00196078431372549 0.00267379679144385 0
0.0 0.0032085561497326204 0
0.00017825311942959 0.0033868092691622105 0
0.00071301247771836 0.0035650623885918 0
0.0010695187165775401 0.0023172905525846704 0
0.00089126559714795 0.0017825311942959 0
-0.00071301247771836 0.00071301247771836 0
-0.00017825311942959 0.00017825311942959 0
-0.0021390374331550803 -0.00035650623885918 0
-0.0033868092691622105 -0.0012477718360071302 0
-0.00267379679144385 -0.0010695187165775401 0
-0.0012477718360071302 -0.0010695187165775401 0
0.00017825311942959 -0.0005347593582887701 0
-0.0005347593582887701 -0.00071301247771836 0
0.00089126559714795 -0.00035650623885918 0
0.00285204991087344 -0.00017825311942959 0
0.004456327985739751 0.00017825311942959 0
0.0042780748663101605 -0.00017825311942959 0
0.004634581105169341 -0.00089126559714795 0
0.0053475935828877 -0.0016042780748663102 0
0.00409982174688057 -0.0021390374331550803 0
0.00267379679144385 -0.00267379679144385 0
0.0010695187165775401 -0.00285204991087344 0
-0.00089126559714795 -0.00285204991087344 0
-0.00035650623885918 -0.0016042780748663102 0
-0.0021390374331550803 -0.00035650623885918 0
-0.0017825311942959 0.0012477718360071302 0
-0.00267379679144385 0.0030303030303030303 0
-0.0005347593582887701 0.0037433155080213902 0
0.0 0.0035650623885918 0
0.0030303030303030303 0.0030303030303030303 0
0.004812834224598931 0.0016042780748663102 1
0.062210338680926916 -0.022281639928698752 0
-0.00196078431372549 -0.00035650623885918 0
-0.0023172905525846704 0.00017825311942959 0
-0.0035650623885918 0.0005347593582887701 0
-0.0024955436720142605 0.0023172905525846704 0
-0.0021390374331550803 0.0035650623885918 0
-0.0012477718360071302 0.004456327985739751 0
0.00142602495543672 0.0035650623885918 0
0.0017825311942959 0.0021390374331550803 0
0.00267379679144385 0.0012477718360071302 0
0.0037433155080213902 -0.00035650623885918 0
0.0037433155080213902 -0.0012477718360071302 0
0.00392156862745098 -0.0016042780748663102 1
0.006773618538324421 -0.01140819964349376 0
-0.00035650623885918 -0.00071301247771836 0
-0.00089126559714795 0.0 0
-0.00071301247771836 0.0010695187165775401 1
0.021925133689839574 -0.01871657754010695 0
-0.0005347593582887701 -0.0012477718360071302 0
-0.00142602495543672 -0.00017825311942959 0
-0.0016042780748663102 0.0012477718360071302 0
-0.00267379679144385 0.0035650623885918 0
-0.0021390374331550803 0.006060606060606061 0
-0.0017825311942959 0.00730837789661319 0
-0.0017825311942959 0.006238859180035651 0
0.0 0.0053475935828877 0
-0.0016042780748663102 0.0042780748663101605 0
0.00017825311942959 0.0037433155080213902 0
-0.0005347593582887701 0.0021390374331550803 0
0.00071301247771836 0.00089126559714795 1
-0.0005347593582887701 -0.0142602495543672 0
0.00017825311942959 -0.00017825311942959 0
0.0 0.0 0
0.00142602495543672 0.00017825311942959 0
0.0012477718360071302 0.00017825311942959 0
0.00285204991087344 0.00035650623885918 0
0.00285204991087344 0.00017825311942959 0
0.0037433155080213902 -0.00017825311942959 1
0.039572192513368985 -0.026737967914438502 0
0.0 0.00017825311942959 0
0.0 0.0012477718360071302 0
-0.0010695187165775401 0.00285204991087344 0
-0.00196078431372549 0.004456327985739751 0
-0.0021390374331550803 0.004812834224598931 0
-0.00142602495543672 0.00409982174688057 0
-0.00035650623885918 0.0032085561497326204 0
0.00017825311942959 0.00285204991087344 0
0.0012477718360071302 0.00142602495543672 0
0.0005347593582887701 0.0010695187165775401 0
0.0023172905525846704 0.0005347593582887701 0
0.00142602495543672 -0.00035650623885918 0
0.00285204991087344 -0.00017825311942959 0
0.0042780748663101605 0.0 0
0.0030303030303030303 0.0 0
0.0033868092691622105 0.00017825311942959 0
0.00142602495543672 -0.00035650623885918 0
0.0023172905525846704 -0.0005347593582887701 0
0.0016042780748663102 -0.00089126559714795 0
0.0023172905525846704 -0.00089126559714795 1
0.0196078431372549 -0.0012477718360071302 0
-0.00071301247771836 -0.00089126559714795 0
0.00017825311942959 -0.0005347593582887701 0
-0.00071301247771836 -0.00035650623885918 0
-0.0021390374331550803 0.00035650623885918 0
-0.0032085561497326204 0.00196078431372549 0
-0.00196078431372549 0.00285204991087344 0
-0.00089126559714795 0.0023172905525846704 0
0.0010695187165775401 0.00267379679144385 0
0.00196078431372549 0.00142602495543672 0
0.0033868092691622105 0.00017825311942959 0
0.00392156862745098 -0.0005347593582887701 0
0.0037433155080213902 -0.0016042780748663102 0
0.0023172905525846704 -0.0017825311942959 0
0.00267379679144385 -0.00267379679144385 0
0.00071301247771836 -0.00392156862745098 0
-0.00035650623885918 -0.0033868092691622105 0
-0.00196078431372549 -0.0021390374331550803 0
0.00017825311942959 0.0 0
-0.00089126559714795 0.00035650623885918 0
-0.0010695187165775401 0.00196078431372549 1
0.015864527629233512 0.0053475935828877 0
-0.00017825311942959 0.0017825311942959 0
-0.0005347593582887701 0.0030303030303030303 0
-0.0010695187165775401 0.0030303030303030303 0
-0.00017825311942959 0.0017825311942959 0
-0.00089126559714795 0.00035650623885918 0
0.00071301247771836 0.0 0
0.0 -0.00035650623885918 0
0.00089126559714795 -0.00142602495543672 0
0.00196078431372549 -0.0023172905525846704 0
0.0024955436720142605 -0.0032085561497326204 0
0.00196078431372549 -0.00409982174688057 0
0.00196078431372549 -0.0035650623885918 0
0.0017825311942959 -0.0017825311942959 0
0.00071301247771836 -0.00071301247771836 0
0.00071301247771836 -0.00017825311942959 0
0.0021390374331550803 0.00035650623885918 0
0.00196078431372549 0.0016042780748663102 0
0.00267379679144385 0.00089126559714795 0
0.00196078431372549 0.0010695187165775401 0
0.0023172905525846704 0.00035650623885918 1
0.00909090909090909 0.0010695187165775401 0
-0.00142602495543672 0.00017825311942959 0
-0.0023172905525846704 0.0021390374331550803 0
-0.00285204991087344 0.0035650623885918 0
-0.0010695187165775401 0.0035650623885918 0
0.00017825311942959 0.0023172905525846704 0
0.00071301247771836 0.00142602495543672 0
0.00142602495543672 0.0005347593582887701 0
0.0021390374331550803 -0.00017825311942959 0
0.0030303030303030303 -0.0012477718360071302 0
0.00392156862745098 -0.0016042780748663102 0
0.00392156862745098 -0.0023172905525846704 0
0.00392156862745098 -0.0033868092691622105 0
0.0042780748663101605 -0.004812834224598931 0
0.0035650623885918 -0.00570409982174688 0
0.00285204991087344 -0.004812834224598931 0
0.0016042780748663102 -0.0024955436720142605 0
0.0 -0.0012477718360071302 0
-0.0005347593582887701 -0.00035650623885918 0
0.0 0.0 0
0.0 0.00017825311942959 0
-0.0017825311942959 0.0033868092691622105 0
-0.00285204991087344 0.0053475935828877 0
-0.0021390374331550803 0.00570409982174688 0
-0.00089126559714795 0.00516934046345811 0
0.0017825311942959 0.00409982174688057 0
0.0017825311942959 0.00285204991087344 0
0.0033868092691622105 0.0017825311942959 0
0.0035650623885918 0.0 1
0.022281639928698752 -0.010873440285204991 0
-0.0005347593582887701 -0.00071301247771836 0
-0.00071301247771836 -0.0005347593582887701 0
-0.0021390374331550803 -0.00017825311942959 0
-0.00142602495543672 0.0 0
-0.0016042780748663102 0.00071301247771836 0
-0.0016042780748663102 0.00196078431372549 0
-0.00035650623885918 0.00267379679144385 0
0.00089126559714795 0.0035650623885918 0
0.00089126559714795 0.00409982174688057 0
0.0017825311942959 0.0035650623885918 0
0.00089126559714795 0.0024955436720142605 0
0.0012477718360071302 0.0021390374331550803 0
0.0005347593582887701 0.0010695187165775401 0
-0.00089126559714795 0.00071301247771836 0
-0.00142602495543672 0.0005347593582887701 0
-0.0037433155080213902 -0.00017825311942959 0
-0.0033868092691622105 0.0 0
-0.0030303030303030303 0.0 0
-0.0033868092691622105 -0.00035650623885918 0
-0.00285204991087344 -0.0012477718360071302 0
-0.0024955436720142605 -0.00142602495543672 0
-0.0021390374331550803 -0.0012477718360071302 0
-0.0021390374331550803 -0.00089126559714795 0
-0.0012477718360071302 -0.00071301247771836 1